  0  8 2300  19  100
  8  6 1900  15   90
  8 19 1700  13   80
 19 21  400   5  100
 19  6 1100  10   70
 19 14  300   2   30
  6 18 2000  13   80
  6 22 4000  20  120
 18 10 5500  30  200
 14  2 2200  14   75
  2 10 3500  17  100
  4 22 3000  18  110
 22 17 4140  21  130
 22  7 4050  20  110
  4 15 4800  27  160
 17 15 1100   9   60
 17 11 2100  17   95
 15  3 1400  11   65
 15  9 4030  21  100
 15 11 1010   7   50
 15 20 2350  14   90
 15 16 1500  12   75
  7  5 3800  18   95
  5  1 1000   8   60
  5 12 3980  20  120
 20 10 3900  20  110
 10 13 1200  10   60
 10 12 2000  16   80